191011192
191031025
191031780
191031891
191227069
200107810
200109074
200215611
200216564
200219317
200227306
200228469
200303107
200411187
200427768
200528436
200529039
200630076
200711461
200716957
200801842
200903031
200906550
201001416
201006054
201017407
201021852
201029847
201105099
201216963
210102861
210104477
210119121
210211363
210306162
210306397
210308276
210610628
210610827
210618072
210712405
210722871
210723615
210725158
210731931
210824174
211129410
211211549
220118764
220403863
220408240
220501828
220521972
220620016
220711761
220714582
220715934
220826497
220907587
221016986
221201517
221216473
221226945
230217912
230328621
230405832
230506715
230723488
230805475
230818977
230826814
230903724
231028173
231104075
