    0.978657758261420696E+02    0.588737324317825141E+02    0.770484472607609772E+00   -0.834344958629964495E+00    0.108535840086953016E+03    0.819236891890630314E+00    0.928299762994734268E+00    0.125832239591623063E+01    0.104778513226046388E+01    0.120855893905538725E+01    0.904951406524997504E+00    0.118084014101374857E+01    0.103258350528017084E+01    0.802836114025731740E+00    0.112797252268225345E+01    0.116354077065505668E+01    0.119016983573778834E+01    0.788263230195529130E+00    0.129425748367056426E+01   -0.638436894723171690E+03
    0.919565160124132035E+02    0.709539749778070075E+02    0.438508415537303686E+00   -0.564213378882579164E+00    0.727180048421302132E+02    0.120071783430389534E+01    0.113519370363698768E+01    0.125908634203668601E+01    0.105508651506225282E+01    0.117163542292028611E+01    0.937479239623209448E+00    0.982147847280595343E+00    0.108232302817114490E+01    0.888914160642173434E+00    0.113842480672210433E+01    0.110912006556420328E+01    0.968782165841415743E+00    0.105414214293998709E+01    0.712222041293120167E+00   -0.637855770082634422E+03
    0.954224462100688697E+02    0.632249903607200849E+02    0.342568231672906454E+00   -0.503170184740499238E+00    0.657907817572386762E+02    0.107393237691874721E+01    0.899775804973721782E+00    0.128152464363735330E+01    0.784921290788994308E+00    0.123924540970796992E+01    0.943753428980242615E+00    0.827371738039973437E+00    0.114083895667804902E+01    0.966341870201367303E+00    0.103149597076164978E+01    0.115703253781138571E+01    0.873679468787385782E+00    0.728493249058681958E+00    0.790726648618127914E+00   -0.637296401876147797E+03
    0.869492325126830536E+02    0.686805278115419071E+02    0.105837598956134382E+01   -0.882174470286612333E+00    0.107047924617596394E+03    0.906561247313519614E+00    0.124730903782603653E+01    0.122252404923237967E+01    0.964989579666240105E+00    0.124550386829312254E+01    0.111187227894778395E+01    0.777886154652534634E+00    0.111035330337753102E+01    0.837527659478077391E+00    0.111255536335128724E+01    0.109731671851222656E+01    0.106540227931390241E+01    0.993021968285701218E+00    0.122108507934730448E+01   -0.637246420862812556E+03
    0.960681225949540902E+02    0.668752841553209976E+02    0.973651333799133600E+00   -0.841307429893682013E+00    0.101117804013495558E+03    0.774076189040377005E+00    0.125838973019276557E+01    0.129921642651375802E+01    0.884542698172355091E+00    0.118305923030057047E+01    0.851933380841332299E+00    0.114355915383520523E+01    0.892780347374554029E+00    0.803423015300915977E+00    0.766389587790595295E+00    0.114043844659595983E+01    0.116691052227468628E+01    0.122224842965473357E+01    0.106101867698888741E+01   -0.637041136105753822E+03
    0.869849233652660416E+02    0.636099259490449356E+02    0.105883959143341833E+01   -0.855479458468467513E+00    0.103631082762285587E+03    0.111110768933327808E+01    0.103696923689145493E+01    0.112352441196708153E+01    0.759550393398787049E+00    0.126283696083833097E+01    0.855065331295343012E+00    0.109045199816081517E+01    0.702310509347551570E+00    0.101583483252622520E+01    0.101470631705741132E+01    0.862278491073844466E+00    0.914939680516923426E+00    0.118836803832061522E+01    0.918309793390251095E+00   -0.636630957721578056E+03
    0.985024852957416783E+02    0.667812404880074268E+02    0.488631106211523503E+00   -0.613874962261327539E+00    0.734028895033883941E+02    0.122375587878298964E+01    0.104738817625654246E+01    0.121524858292684046E+01    0.120594300347141203E+01    0.123801082636584692E+01    0.783884755391834553E+00    0.106907000872962410E+01    0.807763733389126437E+00    0.838298947903543201E+00    0.977260793558041074E+00    0.101650547803605162E+01    0.944408890029511117E+00    0.785030978761301901E+00    0.120842433419052142E+01   -0.635822773533065856E+03
    0.935216508069911896E+02    0.678365017949744242E+02    0.890407479315229455E+00   -0.820829044017351350E+00    0.959502426756651516E+02    0.901388054869029287E+00    0.113795407891322720E+01    0.121386972934793969E+01    0.129764564505970403E+01    0.119550281960494154E+01    0.965033346614426080E+00    0.104178146638492253E+01    0.912872565563350502E+00    0.890090656817886017E+00    0.995559557404878781E+00    0.112457519572805209E+01    0.889774333263734896E+00    0.119721662310262422E+01    0.924854212179614943E+00   -0.635730683072881106E+03
    0.102579410655757059E+03    0.717575015275393753E+02    0.359920489914046848E+00   -0.522825572103345237E+00    0.736546306570347724E+02    0.855550017681450559E+00    0.112652108724661315E+01    0.122729845074594457E+01    0.853385320369465683E+00    0.124337953833740489E+01    0.757025330897436066E+00    0.128427685116336576E+01    0.116623511844133620E+01    0.748212686690514328E+00    0.119429346143713966E+01    0.117010117388191781E+01    0.715261211329097146E+00    0.962148462265540738E+00    0.777365363021771838E+00   -0.635619895608721890E+03
    0.935140632051006691E+02    0.623992849661760829E+02    0.621633888950804736E+00   -0.758562735640797570E+00    0.970436634283321666E+02    0.941702966882246639E+00    0.940830758674634726E+00    0.126312307330850704E+01    0.115483008403932663E+01    0.126189897436905807E+01    0.843086804613406571E+00    0.912060249403484957E+00    0.770374033670284897E+00    0.874054184257844424E+00    0.124455799505111786E+01    0.110088771919122097E+01    0.106803170624431676E+01    0.125856775616633332E+01    0.848817901531359720E+00   -0.635557393265880251E+03
    0.103984323463564863E+03    0.588869582595540351E+02    0.148230488988460141E+00   -0.287385853237413613E+00    0.609210741483803133E+02    0.812269411153553333E+00    0.921727457009944406E+00    0.123885469704233886E+01    0.110047848227686096E+01    0.124194107392766906E+01    0.783656594441045184E+00    0.711350955445534616E+00    0.866732794312205179E+00    0.110338863430254897E+01    0.795458750427198935E+00    0.125805700653813668E+01    0.894981495176430109E+00    0.104112948900228974E+01    0.759453398677082059E+00   -0.635440893622326257E+03
    0.100123960600665669E+03    0.680592132499397167E+02    0.129176100628120683E+01   -0.886000620791566718E+00    0.957507593712709308E+02    0.897512071252306698E+00    0.898821394211714586E+00    0.116983321568522181E+01    0.834280530142556542E+00    0.107695756199153347E+01    0.716865294358696614E+00    0.879738563010568075E+00    0.714675695569919944E+00    0.102996441572672270E+01    0.843462373617636318E+00    0.115389099447843257E+01    0.732889701678317018E+00    0.969776392337671878E+00    0.124471558753516964E+01   -0.635431667528467642E+03
    0.955945440734004279E+02    0.673931936377174452E+02    0.611349417290803943E+00   -0.669634621308418332E+00    0.835230890039693321E+02    0.890967511526126743E+00    0.985178123859944854E+00    0.116185553794290231E+01    0.101123389137996056E+01    0.124110632938059506E+01    0.846920077572240304E+00    0.929081934192194647E+00    0.101457729599230984E+01    0.978644793462487339E+00    0.105090867703339019E+01    0.878791145230518822E+00    0.706449299989932222E+00    0.122552875411280970E+01    0.127717705975801898E+01   -0.635425543661183042E+03
    0.919814209046513014E+02    0.676815986610104119E+02    0.598669179728304579E+00   -0.722268955690868353E+00    0.928146865266144658E+02    0.917663281979832490E+00    0.104603701769485968E+01    0.127136163644761147E+01    0.109291482586285338E+01    0.126225900645052791E+01    0.968887093116914233E+00    0.119341133886829498E+01    0.742631397020430017E+00    0.751855344275410009E+00    0.110977156780405162E+01    0.913368966468105725E+00    0.741511350488959886E+00    0.955405850352481156E+00    0.108582600470964374E+01   -0.635334587600974146E+03
    0.926227185021779320E+02    0.646344677551613529E+02    0.482743036941066794E+00   -0.630519030190260565E+00    0.847776478840502108E+02    0.881724919842639010E+00    0.931756167330905383E+00    0.118670693518225967E+01    0.710506193509369943E+00    0.115047502534558577E+01    0.879438694366432072E+00    0.119320509657221341E+01    0.755939599433037790E+00    0.728260951510300236E+00    0.114048555511074090E+01    0.125187502293485853E+01    0.976915566215832309E+00    0.847832313365737722E+00    0.129927694950455019E+01   -0.635176646779481302E+03
    0.987859341365925587E+02    0.718279638973872920E+02    0.603968725668739825E+00   -0.665577046951637996E+00    0.804855211305098521E+02    0.741677933143680357E+00    0.128908731244689556E+01    0.124806838116594232E+01    0.101523905318827223E+01    0.125421321876841474E+01    0.772585104899816244E+00    0.810656539536289356E+00    0.993503181755124087E+00    0.120273719854464689E+01    0.972456461440368791E+00    0.117428478567851502E+01    0.928773754811976993E+00    0.129735171874010202E+01    0.742156052309527303E+00   -0.629328935180073927E+03
    0.987859341365925587E+02    0.718279638973872920E+02    0.603968725668739825E+00   -0.665577046951637996E+00    0.804855211305098521E+02    0.741677933143680357E+00    0.128908731244689556E+01    0.124806838116594232E+01    0.101523905318827223E+01    0.125421321876841474E+01    0.772585104899816244E+00    0.810656539536289356E+00    0.993503181755124087E+00    0.120273719854464689E+01    0.972456461440368791E+00    0.117428478567851502E+01    0.928773754811976993E+00    0.129735171874010202E+01    0.742156052309527303E+00   -0.629328935180073927E+03
    0.987859341365925587E+02    0.718279638973872920E+02    0.603968725668739825E+00   -0.665577046951637996E+00    0.804855211305098521E+02    0.741677933143680357E+00    0.128908731244689556E+01    0.124806838116594232E+01    0.101523905318827223E+01    0.125421321876841474E+01    0.772585104899816244E+00    0.810656539536289356E+00    0.993503181755124087E+00    0.120273719854464689E+01    0.972456461440368791E+00    0.117428478567851502E+01    0.928773754811976993E+00    0.129735171874010202E+01    0.742156052309527303E+00   -0.629328935180073927E+03
    0.987859341365925587E+02    0.718279638973872920E+02    0.603968725668739825E+00   -0.665577046951637996E+00    0.804855211305098521E+02    0.741677933143680357E+00    0.128908731244689556E+01    0.124806838116594232E+01    0.101523905318827223E+01    0.125421321876841474E+01    0.772585104899816244E+00    0.810656539536289356E+00    0.993503181755124087E+00    0.120273719854464689E+01    0.972456461440368791E+00    0.117428478567851502E+01    0.928773754811976993E+00    0.129735171874010202E+01    0.742156052309527303E+00   -0.629328935180073927E+03
    0.987859341365925587E+02    0.718279638973872920E+02    0.603968725668739825E+00   -0.665577046951637996E+00    0.804855211305098521E+02    0.741677933143680357E+00    0.128908731244689556E+01    0.124806838116594232E+01    0.101523905318827223E+01    0.125421321876841474E+01    0.772585104899816244E+00    0.810656539536289356E+00    0.993503181755124087E+00    0.120273719854464689E+01    0.972456461440368791E+00    0.117428478567851502E+01    0.928773754811976993E+00    0.129735171874010202E+01    0.742156052309527303E+00   -0.629328935180073927E+03
    0.987859341365925587E+02    0.718279638973872920E+02    0.603968725668739825E+00   -0.665577046951637996E+00    0.804855211305098521E+02    0.741677933143680357E+00    0.128908731244689556E+01    0.124806838116594232E+01    0.101523905318827223E+01    0.125421321876841474E+01    0.772585104899816244E+00    0.810656539536289356E+00    0.993503181755124087E+00    0.120273719854464689E+01    0.972456461440368791E+00    0.117428478567851502E+01    0.928773754811976993E+00    0.129735171874010202E+01    0.742156052309527303E+00   -0.629328935180073927E+03
    0.987859341365925587E+02    0.718279638973872920E+02    0.603968725668739825E+00   -0.665577046951637996E+00    0.804855211305098521E+02    0.741677933143680357E+00    0.128908731244689556E+01    0.124806838116594232E+01    0.101523905318827223E+01    0.125421321876841474E+01    0.772585104899816244E+00    0.810656539536289356E+00    0.993503181755124087E+00    0.120273719854464689E+01    0.972456461440368791E+00    0.117428478567851502E+01    0.928773754811976993E+00    0.129735171874010202E+01    0.742156052309527303E+00   -0.629328935180073927E+03
    0.987859341365925587E+02    0.718279638973872920E+02    0.603968725668739825E+00   -0.665577046951637996E+00    0.804855211305098521E+02    0.741677933143680357E+00    0.128908731244689556E+01    0.124806838116594232E+01    0.101523905318827223E+01    0.125421321876841474E+01    0.772585104899816244E+00    0.810656539536289356E+00    0.993503181755124087E+00    0.120273719854464689E+01    0.972456461440368791E+00    0.117428478567851502E+01    0.928773754811976993E+00    0.129735171874010202E+01    0.742156052309527303E+00   -0.629328935180073927E+03
    0.987859341365925587E+02    0.718279638973872920E+02    0.603968725668739825E+00   -0.665577046951637996E+00    0.804855211305098521E+02    0.741677933143680357E+00    0.128908731244689556E+01    0.124806838116594232E+01    0.101523905318827223E+01    0.125421321876841474E+01    0.772585104899816244E+00    0.810656539536289356E+00    0.993503181755124087E+00    0.120273719854464689E+01    0.972456461440368791E+00    0.117428478567851502E+01    0.928773754811976993E+00    0.129735171874010202E+01    0.742156052309527303E+00   -0.629328935180073927E+03
    0.984579178915462165E+02    0.667593667798657862E+02    0.417376331258165367E+00   -0.576032645940077970E+00    0.760602604576992860E+02    0.749934879958195300E+00    0.118739693559217763E+01    0.126842767555393077E+01    0.935352096047394665E+00    0.978804588477197313E+00    0.773311464632931322E+00    0.105504183060320078E+01    0.118155669175526579E+01    0.897344051016353839E+00    0.117065741074728624E+01    0.126685960172260836E+01    0.786255032884136007E+00    0.113239796363115808E+01    0.701534273296196997E+00   -0.632937937947877913E+03
    0.967850693672111220E+02    0.689165798555952733E+02    0.482430500118253669E+00   -0.586384153920048945E+00    0.713296459223257386E+02    0.968355935558210090E+00    0.111723665559055574E+01    0.121184055834850035E+01    0.100589431893500469E+01    0.123820670556905688E+01    0.806418943799957377E+00    0.984186938341314654E+00    0.865666347494871369E+00    0.971789977477746869E+00    0.125967010610572894E+01    0.121387263856935146E+01    0.107737793813252525E+01    0.127538568325962931E+01    0.746740111578744425E+00   -0.631007389322871518E+03
    0.100112129404997816E+03    0.708706321055426258E+02    0.384731395709924373E+00   -0.537294200564147673E+00    0.744892296046607925E+02    0.104874412221775226E+01    0.125668328943550867E+01    0.115494029878522331E+01    0.880257129539638639E+00    0.116105544959954909E+01    0.750884328648295241E+00    0.726618945003348560E+00    0.907888443281932522E+00    0.800173969682083319E+00    0.931874406890817908E+00    0.102069261664251498E+01    0.892090659602735370E+00    0.127067496083095843E+01    0.125326101257411437E+01   -0.632202316724777461E+03
    0.103044974026340711E+03    0.706145213055924614E+02    0.188164789305293734E+00   -0.307890670654090925E+00    0.586375863210300494E+02    0.100373377820980658E+01    0.126422434187229582E+01    0.121868898014802740E+01    0.102407763025513310E+01    0.127849625233231623E+01    0.833771464931440276E+00    0.874591733804956029E+00    0.936481676031425292E+00    0.104621386523174320E+01    0.114669285139050015E+01    0.119709947652363380E+01    0.788729728512325479E+00    0.120313147450306790E+01    0.125576821953907802E+01   -0.632901748838444064E+03
    0.937419103749718801E+02    0.683103999473091221E+02    0.346498625809692817E+00   -0.544424607069416311E+00    0.780759294698853950E+02    0.119423007825336058E+01    0.127741586548946850E+01    0.125142971159660932E+01    0.101472725862901658E+01    0.120512294034442169E+01    0.934782177776931289E+00    0.915107586786779947E+00    0.969215563452584083E+00    0.913275044556286608E+00    0.117997948533604990E+01    0.113394450036139816E+01    0.729812074113558418E+00    0.103810216415100909E+01    0.938253595592514089E+00   -0.632394275065117881E+03
    0.980780852732929134E+02    0.738115171271246879E+02    0.587020085060197760E+00   -0.633888413595061095E+00    0.755080481268566643E+02    0.914449532748197291E+00    0.121995646841663463E+01    0.123159174657700232E+01    0.109482430670368824E+01    0.127554484344424690E+01    0.818217121470570019E+00    0.881578770152383839E+00    0.809049486520653227E+00    0.968158027626452755E+00    0.101961113498250677E+01    0.116168181375499224E+01    0.794446464965942512E+00    0.113298983231492256E+01    0.116871185907795638E+01   -0.631423206029157200E+03
    0.101835276183062618E+03    0.709337153377378513E+02    0.243438065269172915E+00   -0.405284388433887699E+00    0.652603317007043842E+02    0.943468894494536303E+00    0.125872541958721218E+01    0.126124078194965517E+01    0.887757690560629587E+00    0.114768254596882424E+01    0.823552692762523630E+00    0.106503993073792325E+01    0.100493754976172012E+01    0.740797008539526458E+00    0.750989340091324453E+00    0.118648332571623727E+01    0.747047888784364122E+00    0.117224205969677575E+01    0.114414704508490961E+01   -0.633027960434220290E+03
    0.975663910497656559E+02    0.668443840314930355E+02    0.288430408709990982E+00   -0.414699258672754922E+00    0.668578231671991858E+02    0.969905573773698126E+00    0.933514264989757647E+00    0.107081727171241448E+01    0.807750988928611191E+00    0.101430252500921059E+01    0.743613676872073470E+00    0.859708008712310123E+00    0.871489085880508552E+00    0.779818612519816323E+00    0.107054929135263666E+01    0.978474762068268111E+00    0.774633838387122076E+00    0.996230554127101375E+00    0.971590996575152355E+00   -0.633740223425749264E+03
    0.973249727434711929E+02    0.640615604280593232E+02    0.382714472419543428E+00   -0.569528518020444352E+00    0.755635930596439493E+02    0.815178210322058949E+00    0.108879058048956212E+01    0.127474562122263868E+01    0.103987404588612220E+01    0.122067601726531194E+01    0.884995678607230607E+00    0.869122230002271512E+00    0.118453851392255283E+01    0.800991062291116052E+00    0.125707456187897026E+01    0.117697000195998225E+01    0.939684206150589896E+00    0.917771082292813789E+00    0.126839084142589353E+01   -0.631269041231646156E+03
    0.973008274917931715E+02    0.700590310749834089E+02    0.327950435691946207E+00   -0.542800872921411326E+00    0.820958621890494982E+02    0.944448865910023860E+00    0.127048905295106529E+01    0.128694644859369944E+01    0.929770381193619988E+00    0.120537039230800680E+01    0.897076962763818542E+00    0.857751413062537660E+00    0.714565100819015475E+00    0.113915879857606583E+01    0.883235423897188232E+00    0.127107942355659898E+01    0.723468291978946576E+00    0.129577107174827399E+01    0.880666148154864770E+00   -0.631931304628082557E+03
    0.112630738907503883E+03    0.682765026068192356E+02    0.675216661381290550E+00   -0.698143928966278082E+00    0.782899791688428763E+02    0.908073025942870871E+00    0.118670648834981640E+01    0.119882273677784990E+01    0.101618536495474121E+01    0.115048283906482629E+01    0.747914864765478749E+00    0.759680601453919357E+00    0.932367567854094803E+00    0.904809347616592596E+00    0.113980101100685571E+01    0.122162561467781017E+01    0.893266734741757995E+00    0.889415808480748082E+00    0.123641349322384331E+01   -0.634887047652037609E+03
    0.943344858316968242E+02    0.666090101967407691E+02    0.394264428002106149E+00   -0.553186986950860771E+00    0.751021501092646844E+02    0.977141503705069581E+00    0.913645965419952910E+00    0.124317276905615826E+01    0.107565168115784271E+01    0.125138611687546852E+01    0.820676337332941985E+00    0.106169216030446223E+01    0.782426672409783697E+00    0.985186042497562142E+00    0.832902381201962361E+00    0.102621723899755657E+01    0.700918374024142476E+00    0.100553390779183260E+01    0.827031315211189444E+00   -0.632198411643542499E+03
    0.937039118002684717E+02    0.670825788181461462E+02    0.498884367257111550E+00   -0.607161048593988895E+00    0.755138812254245266E+02    0.104158188796697138E+01    0.989184248426140833E+00    0.120587814675409799E+01    0.766914062384125073E+00    0.113290023007760743E+01    0.789752380293829326E+00    0.811575624191473000E+00    0.111495309361731865E+01    0.113162646021767865E+01    0.104589796625828590E+01    0.128810904257325287E+01    0.896072122565907958E+00    0.114384909902609300E+01    0.836209194464928807E+00   -0.633344521596234131E+03
    0.999061084982767937E+02    0.628176754997197690E+02    0.447015426960982121E+00   -0.610013482914201433E+00    0.767107239478500276E+02    0.858699070562219946E+00    0.126282016622527937E+01    0.122265672281967741E+01    0.969733278513451813E+00    0.115217452823517208E+01    0.796992137315168270E+00    0.946647257166389977E+00    0.747663836348006705E+00    0.895335623721253748E+00    0.101193672620402597E+01    0.128320448662584541E+01    0.768409899459591039E+00    0.862244075525604781E+00    0.844662016879062838E+00   -0.632707471176727495E+03
    0.998817528442968694E+02    0.669455887289806810E+02    0.438724035983941552E+00   -0.616178395846469940E+00    0.795146864692635376E+02    0.127998410162458631E+01    0.112342045229771403E+01    0.125826906049792187E+01    0.706804221044876391E+00    0.124665320315393080E+01    0.843968432341944075E+00    0.870924763149477199E+00    0.908629465371003975E+00    0.986224588389509327E+00    0.788367279475786664E+00    0.124426606478908175E+01    0.841489958029716600E+00    0.106244223204986188E+01    0.921144806011105599E+00   -0.632363626114552858E+03
    0.103647288714946782E+03    0.690820849526871541E+02    0.282663127461187547E+00   -0.447037280298804518E+00    0.704315214222555142E+02    0.104395854411964617E+01    0.122452642264748812E+01    0.119607810110374047E+01    0.109119330589904040E+01    0.120913709469640995E+01    0.703027377287823607E+00    0.102939274361335453E+01    0.813439539708412207E+00    0.975914843277476574E+00    0.948903250495528483E+00    0.112085728140268959E+01    0.928377499274024465E+00    0.947883906269093579E+00    0.863847827726296646E+00   -0.633684500073130266E+03
    0.988041512557786206E+02    0.597133611811139247E+02    0.448480378820984127E+00   -0.597992651929116548E+00    0.762811768006404094E+02    0.782020769551686090E+00    0.101111887049425508E+01    0.125058280347649142E+01    0.945363483516611480E+00    0.128262766104596215E+01    0.763264105801581216E+00    0.790805084449857310E+00    0.791688493256936687E+00    0.954090332636204463E+00    0.124656513234846722E+01    0.113820936401725126E+01    0.964333311715942054E+00    0.102815715709202671E+01    0.770154900817550891E+00   -0.633087549963717265E+03
    0.939502593857964428E+02    0.588025525679055079E+02    0.331728876936499772E+00   -0.528682247423869711E+00    0.724503302295774745E+02    0.795849815119736959E+00    0.101501047161333302E+01    0.121572695657863217E+01    0.105348064340766001E+01    0.125908374611776486E+01    0.921278978242018320E+00    0.968429288135913224E+00    0.848090103792131456E+00    0.989690821152048428E+00    0.891924369221275049E+00    0.115994964218458607E+01    0.800333381487942752E+00    0.113687951074630611E+01    0.723485243790049859E+00   -0.634591716716903989E+03
    0.927033050545403086E+02    0.664941113448832084E+02    0.245470099877727388E+00   -0.425475157712373431E+00    0.688048294947805346E+02    0.857863162740990948E+00    0.112583150792614806E+01    0.117709906462583658E+01    0.922410742664603545E+00    0.125166751271627685E+01    0.812738133878361135E+00    0.784308083198810624E+00    0.843795263101160598E+00    0.104278890477189057E+01    0.111313605406086191E+01    0.126736761355853722E+01    0.957286645402267711E+00    0.706487540155848470E+00    0.716242298400404098E+00   -0.632451340979532347E+03
    0.942992119554355099E+02    0.673872407530156465E+02    0.415487507397313938E+00   -0.556195960574893178E+00    0.765469443178230620E+02    0.789612408700034130E+00    0.110060619656528069E+01    0.114555314764978067E+01    0.907605765352062832E+00    0.113012899693462798E+01    0.719973911044429760E+00    0.816696707306734604E+00    0.703815701328167953E+00    0.814896999793820576E+00    0.914592489563292088E+00    0.931615491530805362E+00    0.968680981602281221E+00    0.751244426082444794E+00    0.802569386987101896E+00   -0.630059242653217098E+03
    0.942992119554355099E+02    0.673872407530156465E+02    0.415487507397313938E+00   -0.556195960574893178E+00    0.765469443178230620E+02    0.789612408700034130E+00    0.110060619656528069E+01    0.114555314764978067E+01    0.907605765352062832E+00    0.113012899693462798E+01    0.719973911044429760E+00    0.816696707306734604E+00    0.703815701328167953E+00    0.814896999793820576E+00    0.914592489563292088E+00    0.931615491530805362E+00    0.968680981602281221E+00    0.751244426082444794E+00    0.802569386987101896E+00   -0.630059242653217098E+03
    0.942992119554355099E+02    0.673872407530156465E+02    0.415487507397313938E+00   -0.556195960574893178E+00    0.765469443178230620E+02    0.789612408700034130E+00    0.110060619656528069E+01    0.114555314764978067E+01    0.907605765352062832E+00    0.113012899693462798E+01    0.719973911044429760E+00    0.816696707306734604E+00    0.703815701328167953E+00    0.814896999793820576E+00    0.914592489563292088E+00    0.931615491530805362E+00    0.968680981602281221E+00    0.751244426082444794E+00    0.802569386987101896E+00   -0.630059242653217098E+03
    0.942992119554355099E+02    0.673872407530156465E+02    0.415487507397313938E+00   -0.556195960574893178E+00    0.765469443178230620E+02    0.789612408700034130E+00    0.110060619656528069E+01    0.114555314764978067E+01    0.907605765352062832E+00    0.113012899693462798E+01    0.719973911044429760E+00    0.816696707306734604E+00    0.703815701328167953E+00    0.814896999793820576E+00    0.914592489563292088E+00    0.931615491530805362E+00    0.968680981602281221E+00    0.751244426082444794E+00    0.802569386987101896E+00   -0.630059242653217098E+03
    0.979548088984829519E+02    0.659334179323910803E+02    0.488468392413580310E+00   -0.631731122361456343E+00    0.773323225131442058E+02    0.114264647099992311E+01    0.119136934448269205E+01    0.118842618007055001E+01    0.117264665294403603E+01    0.128522817929734390E+01    0.802174304166390129E+00    0.837733461332465956E+00    0.701072393867774646E+00    0.107122081081861364E+01    0.110323631742631068E+01    0.118905096139528776E+01    0.926188472114583550E+00    0.113841111571127351E+01    0.810606675551051148E+00   -0.632082850261720068E+03
    0.960794919949871939E+02    0.617160577179138556E+02    0.195742336492671060E+00   -0.339065854201800576E+00    0.610802675177258578E+02    0.973844937385699216E+00    0.104657983085181927E+01    0.121520056754100780E+01    0.989597765826705000E+00    0.120399221347477869E+01    0.811573662980610400E+00    0.103971768262820063E+01    0.769339403564047619E+00    0.950270131763695680E+00    0.846092826342638826E+00    0.106824557527793562E+01    0.726465958129655975E+00    0.995208715771502495E+00    0.885032649336741306E+00   -0.631774110141181495E+03
    0.901519886521320331E+02    0.661227561937004111E+02    0.479103572634186903E+00   -0.625745819022858640E+00    0.787521402975800697E+02    0.110883383460996154E+01    0.120060098278313743E+01    0.119699722764247363E+01    0.980082287324359869E+00    0.117434043894468454E+01    0.103467684487733469E+01    0.767063529085264761E+00    0.783463747208640204E+00    0.855758607508447233E+00    0.805767896968945796E+00    0.971476549075582341E+00    0.840256709826245229E+00    0.100790827419756446E+01    0.803124070604578910E+00   -0.633126822980192514E+03
    0.965193474546273080E+02    0.679159142022068067E+02    0.757704142405968062E+00   -0.709868744689135411E+00    0.773938443074421514E+02    0.942392631999946939E+00    0.114917270172363861E+01    0.111758580450712275E+01    0.935440524555067099E+00    0.129068113106982096E+01    0.772167293295079049E+00    0.889339670951397543E+00    0.848382775065557038E+00    0.105794140518785973E+01    0.114639490369458175E+01    0.119872679955023953E+01    0.733274998080971185E+00    0.883975148425089730E+00    0.102864585281471710E+01   -0.630003881581187443E+03
    0.965193474546273080E+02    0.679159142022068067E+02    0.757704142405968062E+00   -0.709868744689135411E+00    0.773938443074421514E+02    0.942392631999946939E+00    0.114917270172363861E+01    0.111758580450712275E+01    0.935440524555067099E+00    0.129068113106982096E+01    0.772167293295079049E+00    0.889339670951397543E+00    0.848382775065557038E+00    0.105794140518785973E+01    0.114639490369458175E+01    0.119872679955023953E+01    0.733274998080971185E+00    0.883975148425089730E+00    0.102864585281471710E+01   -0.630003881581187443E+03
    0.965193474546273080E+02    0.679159142022068067E+02    0.757704142405968062E+00   -0.709868744689135411E+00    0.773938443074421514E+02    0.942392631999946939E+00    0.114917270172363861E+01    0.111758580450712275E+01    0.935440524555067099E+00    0.129068113106982096E+01    0.772167293295079049E+00    0.889339670951397543E+00    0.848382775065557038E+00    0.105794140518785973E+01    0.114639490369458175E+01    0.119872679955023953E+01    0.733274998080971185E+00    0.883975148425089730E+00    0.102864585281471710E+01   -0.630003881581187443E+03
    0.965193474546273080E+02    0.679159142022068067E+02    0.757704142405968062E+00   -0.709868744689135411E+00    0.773938443074421514E+02    0.942392631999946939E+00    0.114917270172363861E+01    0.111758580450712275E+01    0.935440524555067099E+00    0.129068113106982096E+01    0.772167293295079049E+00    0.889339670951397543E+00    0.848382775065557038E+00    0.105794140518785973E+01    0.114639490369458175E+01    0.119872679955023953E+01    0.733274998080971185E+00    0.883975148425089730E+00    0.102864585281471710E+01   -0.630003881581187443E+03
    0.981160296778889744E+02    0.686211366418057196E+02    0.668006716031837922E+00   -0.737601046628613588E+00    0.914725876401599720E+02    0.777586095362974850E+00    0.114925208700306136E+01    0.122824335804822704E+01    0.111965129822544007E+01    0.122759377163330252E+01    0.825428170840639019E+00    0.773391289235926371E+00    0.959292427300093342E+00    0.119673541558488017E+01    0.122999404970046800E+01    0.111982472373926445E+01    0.765816195893660123E+00    0.762817706964145859E+00    0.115053353715034468E+01   -0.631439190767071295E+03
    0.102225602546425606E+03    0.666858679823535567E+02    0.349737313806550487E+00   -0.549179631373929666E+00    0.800651443688311133E+02    0.972853078983351605E+00    0.110440155276708296E+01    0.118625618731066984E+01    0.711029031466335115E+00    0.121008611867937965E+01    0.766122509068573931E+00    0.834619692693074233E+00    0.836802663017255477E+00    0.765329469746381275E+00    0.109113371067468279E+01    0.121423135927214076E+01    0.897307163181790268E+00    0.917041940400559974E+00    0.111741578095344152E+01   -0.632255627527589240E+03
    0.102256169882431294E+03    0.727047273496818605E+02    0.410241311014250709E+00   -0.530858894996093511E+00    0.734103463792744577E+02    0.767850396074656438E+00    0.119543700904762673E+01    0.124234838271199433E+01    0.767857632480655083E+00    0.118211666640147683E+01    0.715249774127010296E+00    0.108034722600059441E+01    0.891050315672586524E+00    0.916240961451435965E+00    0.105973172064170162E+01    0.113182710790822449E+01    0.933719046530208541E+00    0.726850921671495787E+00    0.102135133041564896E+01   -0.633944652213658287E+03
    0.914736971029176118E+02    0.634499559749315551E+02    0.331136156180144303E+00   -0.532998731637428946E+00    0.744968709423120714E+02    0.969571537034512931E+00    0.964140266070957930E+00    0.129093814847643840E+01    0.947954504576193790E+00    0.124226349918240020E+01    0.884294616690706414E+00    0.101511513104114837E+01    0.926735068201500645E+00    0.860992582568654852E+00    0.817301322578177780E+00    0.115806709428382115E+01    0.739446286378854012E+00    0.106981782371978862E+01    0.121335037873559815E+01   -0.629809974064733865E+03
    0.914736971029176118E+02    0.634499559749315551E+02    0.331136156180144303E+00   -0.532998731637428946E+00    0.744968709423120714E+02    0.969571537034512931E+00    0.964140266070957930E+00    0.129093814847643840E+01    0.947954504576193790E+00    0.124226349918240020E+01    0.884294616690706414E+00    0.101511513104114837E+01    0.926735068201500645E+00    0.860992582568654852E+00    0.817301322578177780E+00    0.115806709428382115E+01    0.739446286378854012E+00    0.106981782371978862E+01    0.121335037873559815E+01   -0.629809974064733865E+03
    0.914736971029176118E+02    0.634499559749315551E+02    0.331136156180144303E+00   -0.532998731637428946E+00    0.744968709423120714E+02    0.969571537034512931E+00    0.964140266070957930E+00    0.129093814847643840E+01    0.947954504576193790E+00    0.124226349918240020E+01    0.884294616690706414E+00    0.101511513104114837E+01    0.926735068201500645E+00    0.860992582568654852E+00    0.817301322578177780E+00    0.115806709428382115E+01    0.739446286378854012E+00    0.106981782371978862E+01    0.121335037873559815E+01   -0.629809974064733865E+03
    0.914736971029176118E+02    0.634499559749315551E+02    0.331136156180144303E+00   -0.532998731637428946E+00    0.744968709423120714E+02    0.969571537034512931E+00    0.964140266070957930E+00    0.129093814847643840E+01    0.947954504576193790E+00    0.124226349918240020E+01    0.884294616690706414E+00    0.101511513104114837E+01    0.926735068201500645E+00    0.860992582568654852E+00    0.817301322578177780E+00    0.115806709428382115E+01    0.739446286378854012E+00    0.106981782371978862E+01    0.121335037873559815E+01   -0.629809974064733865E+03
    0.914736971029176118E+02    0.634499559749315551E+02    0.331136156180144303E+00   -0.532998731637428946E+00    0.744968709423120714E+02    0.969571537034512931E+00    0.964140266070957930E+00    0.129093814847643840E+01    0.947954504576193790E+00    0.124226349918240020E+01    0.884294616690706414E+00    0.101511513104114837E+01    0.926735068201500645E+00    0.860992582568654852E+00    0.817301322578177780E+00    0.115806709428382115E+01    0.739446286378854012E+00    0.106981782371978862E+01    0.121335037873559815E+01   -0.629809974064733865E+03
    0.914736971029176118E+02    0.634499559749315551E+02    0.331136156180144303E+00   -0.532998731637428946E+00    0.744968709423120714E+02    0.969571537034512931E+00    0.964140266070957930E+00    0.129093814847643840E+01    0.947954504576193790E+00    0.124226349918240020E+01    0.884294616690706414E+00    0.101511513104114837E+01    0.926735068201500645E+00    0.860992582568654852E+00    0.817301322578177780E+00    0.115806709428382115E+01    0.739446286378854012E+00    0.106981782371978862E+01    0.121335037873559815E+01   -0.629809974064733865E+03
    0.105223517305152768E+03    0.696508193631640609E+02    0.418558780623412507E+00   -0.556653869112631483E+00    0.716875272779199122E+02    0.110451612399619559E+01    0.113882921111637048E+01    0.128195115158670947E+01    0.957462173339264311E+00    0.123284327359245571E+01    0.702690610413958194E+00    0.100571837835941258E+01    0.787747078548388102E+00    0.935673434687330330E+00    0.922804703880578003E+00    0.127015244363966140E+01    0.865709915944201436E+00    0.106691733471185546E+01    0.115946245088823074E+01   -0.629147225415196203E+03
    0.105223517305152768E+03    0.696508193631640609E+02    0.418558780623412507E+00   -0.556653869112631483E+00    0.716875272779199122E+02    0.110451612399619559E+01    0.113882921111637048E+01    0.128195115158670947E+01    0.957462173339264311E+00    0.123284327359245571E+01    0.702690610413958194E+00    0.100571837835941258E+01    0.787747078548388102E+00    0.935673434687330330E+00    0.922804703880578003E+00    0.127015244363966140E+01    0.865709915944201436E+00    0.106691733471185546E+01    0.115946245088823074E+01   -0.629147225415196203E+03
    0.105223517305152768E+03    0.696508193631640609E+02    0.418558780623412507E+00   -0.556653869112631483E+00    0.716875272779199122E+02    0.110451612399619559E+01    0.113882921111637048E+01    0.128195115158670947E+01    0.957462173339264311E+00    0.123284327359245571E+01    0.702690610413958194E+00    0.100571837835941258E+01    0.787747078548388102E+00    0.935673434687330330E+00    0.922804703880578003E+00    0.127015244363966140E+01    0.865709915944201436E+00    0.106691733471185546E+01    0.115946245088823074E+01   -0.629147225415196203E+03
    0.105223517305152768E+03    0.696508193631640609E+02    0.418558780623412507E+00   -0.556653869112631483E+00    0.716875272779199122E+02    0.110451612399619559E+01    0.113882921111637048E+01    0.128195115158670947E+01    0.957462173339264311E+00    0.123284327359245571E+01    0.702690610413958194E+00    0.100571837835941258E+01    0.787747078548388102E+00    0.935673434687330330E+00    0.922804703880578003E+00    0.127015244363966140E+01    0.865709915944201436E+00    0.106691733471185546E+01    0.115946245088823074E+01   -0.629147225415196203E+03
    0.105223517305152768E+03    0.696508193631640609E+02    0.418558780623412507E+00   -0.556653869112631483E+00    0.716875272779199122E+02    0.110451612399619559E+01    0.113882921111637048E+01    0.128195115158670947E+01    0.957462173339264311E+00    0.123284327359245571E+01    0.702690610413958194E+00    0.100571837835941258E+01    0.787747078548388102E+00    0.935673434687330330E+00    0.922804703880578003E+00    0.127015244363966140E+01    0.865709915944201436E+00    0.106691733471185546E+01    0.115946245088823074E+01   -0.629147225415196203E+03
    0.105223517305152768E+03    0.696508193631640609E+02    0.418558780623412507E+00   -0.556653869112631483E+00    0.716875272779199122E+02    0.110451612399619559E+01    0.113882921111637048E+01    0.128195115158670947E+01    0.957462173339264311E+00    0.123284327359245571E+01    0.702690610413958194E+00    0.100571837835941258E+01    0.787747078548388102E+00    0.935673434687330330E+00    0.922804703880578003E+00    0.127015244363966140E+01    0.865709915944201436E+00    0.106691733471185546E+01    0.115946245088823074E+01   -0.629147225415196203E+03
    0.105223517305152768E+03    0.696508193631640609E+02    0.418558780623412507E+00   -0.556653869112631483E+00    0.716875272779199122E+02    0.110451612399619559E+01    0.113882921111637048E+01    0.128195115158670947E+01    0.957462173339264311E+00    0.123284327359245571E+01    0.702690610413958194E+00    0.100571837835941258E+01    0.787747078548388102E+00    0.935673434687330330E+00    0.922804703880578003E+00    0.127015244363966140E+01    0.865709915944201436E+00    0.106691733471185546E+01    0.115946245088823074E+01   -0.629147225415196203E+03
    0.105223517305152768E+03    0.696508193631640609E+02    0.418558780623412507E+00   -0.556653869112631483E+00    0.716875272779199122E+02    0.110451612399619559E+01    0.113882921111637048E+01    0.128195115158670947E+01    0.957462173339264311E+00    0.123284327359245571E+01    0.702690610413958194E+00    0.100571837835941258E+01    0.787747078548388102E+00    0.935673434687330330E+00    0.922804703880578003E+00    0.127015244363966140E+01    0.865709915944201436E+00    0.106691733471185546E+01    0.115946245088823074E+01   -0.629147225415196203E+03
    0.105223517305152768E+03    0.696508193631640609E+02    0.418558780623412507E+00   -0.556653869112631483E+00    0.716875272779199122E+02    0.110451612399619559E+01    0.113882921111637048E+01    0.128195115158670947E+01    0.957462173339264311E+00    0.123284327359245571E+01    0.702690610413958194E+00    0.100571837835941258E+01    0.787747078548388102E+00    0.935673434687330330E+00    0.922804703880578003E+00    0.127015244363966140E+01    0.865709915944201436E+00    0.106691733471185546E+01    0.115946245088823074E+01   -0.629147225415196203E+03
    0.105223517305152768E+03    0.696508193631640609E+02    0.418558780623412507E+00   -0.556653869112631483E+00    0.716875272779199122E+02    0.110451612399619559E+01    0.113882921111637048E+01    0.128195115158670947E+01    0.957462173339264311E+00    0.123284327359245571E+01    0.702690610413958194E+00    0.100571837835941258E+01    0.787747078548388102E+00    0.935673434687330330E+00    0.922804703880578003E+00    0.127015244363966140E+01    0.865709915944201436E+00    0.106691733471185546E+01    0.115946245088823074E+01   -0.629147225415196203E+03
    0.105223517305152768E+03    0.696508193631640609E+02    0.418558780623412507E+00   -0.556653869112631483E+00    0.716875272779199122E+02    0.110451612399619559E+01    0.113882921111637048E+01    0.128195115158670947E+01    0.957462173339264311E+00    0.123284327359245571E+01    0.702690610413958194E+00    0.100571837835941258E+01    0.787747078548388102E+00    0.935673434687330330E+00    0.922804703880578003E+00    0.127015244363966140E+01    0.865709915944201436E+00    0.106691733471185546E+01    0.115946245088823074E+01   -0.629147225415196203E+03
    0.894569635118686364E+02    0.658140016111155433E+02    0.443434580986040217E+00   -0.580945061995841172E+00    0.700476587295191564E+02    0.108060855148157819E+01    0.124931289349677033E+01    0.127650967097558432E+01    0.100600956468915248E+01    0.112009223956544490E+01    0.101655288809315625E+01    0.100953954720924388E+01    0.918411175420893233E+00    0.822689601273252191E+00    0.118760035148304466E+01    0.119999842863435524E+01    0.893859935298633168E+00    0.835403482607374070E+00    0.108075674101561847E+01   -0.634192587671209026E+03
    0.971745261349193044E+02    0.635769981290915496E+02    0.352387522558350264E+00   -0.546825017174192851E+00    0.775634914466554051E+02    0.106386415076968777E+01    0.891909259553449463E+00    0.127164385200837016E+01    0.111246856464196076E+01    0.116836586797536124E+01    0.827243878764337914E+00    0.100870066805447722E+01    0.820144593746746975E+00    0.859307688555048577E+00    0.910224251972574616E+00    0.122780212215071671E+01    0.723257727131606853E+00    0.102718824117091234E+01    0.116945358505076213E+01   -0.631094550863206678E+03
    0.971745261349193044E+02    0.635769981290915496E+02    0.352387522558350264E+00   -0.546825017174192851E+00    0.775634914466554051E+02    0.106386415076968777E+01    0.891909259553449463E+00    0.127164385200837016E+01    0.111246856464196076E+01    0.116836586797536124E+01    0.827243878764337914E+00    0.100870066805447722E+01    0.820144593746746975E+00    0.859307688555048577E+00    0.910224251972574616E+00    0.122780212215071671E+01    0.723257727131606853E+00    0.102718824117091234E+01    0.116945358505076213E+01   -0.631094550863206678E+03
    0.994112552029596657E+02    0.650324378059825676E+02    0.278955813339042846E+00   -0.466860588440415114E+00    0.731526411604719300E+02    0.942532941695075954E+00    0.915755445905346743E+00    0.125836003583164380E+01    0.973670845712833466E+00    0.119988558607527196E+01    0.787953222084045390E+00    0.873070210740230168E+00    0.707109298379246631E+00    0.968183093479443979E+00    0.877193258456601566E+00    0.102799680202751409E+01    0.853600343340337298E+00    0.709134779181538111E+00    0.958003330174224121E+00   -0.632102679716637681E+03
    0.943299497608592787E+02    0.629825633254087904E+02    0.378837974827434143E+00   -0.532519609280379669E+00    0.716412702393138545E+02    0.116586619776382250E+01    0.109880979828561220E+01    0.119214624296512994E+01    0.121405543069517496E+01    0.109799422009715530E+01    0.758801000229326394E+00    0.716453129354019724E+00    0.714167031865855728E+00    0.806004923816713181E+00    0.107566348664667855E+01    0.107248557704111391E+01    0.820165693744659863E+00    0.725167343983071255E+00    0.114744809512150159E+01   -0.633534945432635595E+03
    0.972673210513535338E+02    0.698530303749635380E+02    0.433867156219386929E+00   -0.532472615747678901E+00    0.680639112579318493E+02    0.712041560219317859E+00    0.983608192485529109E+00    0.118839660369121858E+01    0.744766527517127797E+00    0.108641915156757918E+01    0.791088473518617996E+00    0.759542320310014007E+00    0.727724197343531998E+00    0.926125284800592308E+00    0.108492212602933513E+01    0.969028549590351229E+00    0.851422637436894059E+00    0.817570280841382058E+00    0.108612626635501686E+01   -0.634501306637943912E+03
    0.104950297366931764E+03    0.740634991883257499E+02    0.509700932054202305E+00   -0.621200531265914790E+00    0.772128360463152461E+02    0.978330289998881275E+00    0.127945177263671073E+01    0.129428987129006967E+01    0.869664500039475152E+00    0.122326036053186638E+01    0.727805244769318294E+00    0.878391931273325044E+00    0.845718133521375925E+00    0.109872534120494092E+01    0.111607635356177237E+01    0.112897454183697343E+01    0.834148903655128060E+00    0.809005143494035517E+00    0.101693976635240357E+01   -0.633016113121541594E+03
    0.998099823457748982E+02    0.690056511958709677E+02    0.414808218883320035E+00   -0.597330438950780973E+00    0.862697907264518307E+02    0.742029072117998512E+00    0.110018400217324408E+01    0.124819638926111076E+01    0.902475072114883314E+00    0.109440228248482718E+01    0.739196745124354959E+00    0.752699007565437506E+00    0.734590487447326135E+00    0.108226482322832807E+01    0.105918791890714870E+01    0.113360731871405562E+01    0.813222028284358744E+00    0.908223420204421927E+00    0.122199080588838194E+01   -0.631253953524638632E+03
    0.107178307700191667E+03    0.656628220288570219E+02    0.316230744233618632E+00   -0.492230621666060131E+00    0.723876143834381764E+02    0.104257414087376432E+01    0.862418940826580327E+00    0.124558985071543016E+01    0.873868351326023030E+00    0.101540523425112372E+01    0.747970681811928606E+00    0.734472917994832608E+00    0.843077923825834352E+00    0.979349584175289056E+00    0.113085408415619826E+01    0.126743826339209953E+01    0.750700754928017244E+00    0.763906060873833503E+00    0.949539769925176524E+00   -0.633090895764661809E+03
    0.105957163464664902E+03    0.662616259425662122E+02    0.923655194217463449E+00   -0.834953373807470811E+00    0.100094871776429486E+03    0.852950864772731521E+00    0.113145599146461984E+01    0.128936405482563732E+01    0.807600459515778968E+00    0.124573211987767407E+01    0.785111518633004879E+00    0.793714470026965158E+00    0.813299406052384599E+00    0.954010193490659075E+00    0.101236706887427585E+01    0.119041296090823234E+01    0.938907512288133406E+00    0.959855419105154262E+00    0.116451757925241361E+01   -0.629972281927075642E+03
    0.105957163464664902E+03    0.662616259425662122E+02    0.923655194217463449E+00   -0.834953373807470811E+00    0.100094871776429486E+03    0.852950864772731521E+00    0.113145599146461984E+01    0.128936405482563732E+01    0.807600459515778968E+00    0.124573211987767407E+01    0.785111518633004879E+00    0.793714470026965158E+00    0.813299406052384599E+00    0.954010193490659075E+00    0.101236706887427585E+01    0.119041296090823234E+01    0.938907512288133406E+00    0.959855419105154262E+00    0.116451757925241361E+01   -0.629972281927075642E+03
    0.105957163464664902E+03    0.662616259425662122E+02    0.923655194217463449E+00   -0.834953373807470811E+00    0.100094871776429486E+03    0.852950864772731521E+00    0.113145599146461984E+01    0.128936405482563732E+01    0.807600459515778968E+00    0.124573211987767407E+01    0.785111518633004879E+00    0.793714470026965158E+00    0.813299406052384599E+00    0.954010193490659075E+00    0.101236706887427585E+01    0.119041296090823234E+01    0.938907512288133406E+00    0.959855419105154262E+00    0.116451757925241361E+01   -0.629972281927075642E+03
    0.105957163464664902E+03    0.662616259425662122E+02    0.923655194217463449E+00   -0.834953373807470811E+00    0.100094871776429486E+03    0.852950864772731521E+00    0.113145599146461984E+01    0.128936405482563732E+01    0.807600459515778968E+00    0.124573211987767407E+01    0.785111518633004879E+00    0.793714470026965158E+00    0.813299406052384599E+00    0.954010193490659075E+00    0.101236706887427585E+01    0.119041296090823234E+01    0.938907512288133406E+00    0.959855419105154262E+00    0.116451757925241361E+01   -0.629972281927075642E+03
    0.105957163464664902E+03    0.662616259425662122E+02    0.923655194217463449E+00   -0.834953373807470811E+00    0.100094871776429486E+03    0.852950864772731521E+00    0.113145599146461984E+01    0.128936405482563732E+01    0.807600459515778968E+00    0.124573211987767407E+01    0.785111518633004879E+00    0.793714470026965158E+00    0.813299406052384599E+00    0.954010193490659075E+00    0.101236706887427585E+01    0.119041296090823234E+01    0.938907512288133406E+00    0.959855419105154262E+00    0.116451757925241361E+01   -0.629972281927075642E+03
    0.100794001003462327E+03    0.658443638779595233E+02    0.892520253328988655E+00   -0.820427559825127162E+00    0.946412067969554158E+02    0.110710158330286412E+01    0.117372928821407685E+01    0.129136044617409684E+01    0.877411311863340204E+00    0.120628544956739248E+01    0.796996922576979072E+00    0.873403261787476515E+00    0.867916134842859011E+00    0.891723523633881299E+00    0.738153849150870123E+00    0.126978045725274158E+01    0.927695839483608120E+00    0.771319195922938738E+00    0.906974897458800666E+00   -0.630522427680635587E+03
    0.100794001003462327E+03    0.658443638779595233E+02    0.892520253328988655E+00   -0.820427559825127162E+00    0.946412067969554158E+02    0.110710158330286412E+01    0.117372928821407685E+01    0.129136044617409684E+01    0.877411311863340204E+00    0.120628544956739248E+01    0.796996922576979072E+00    0.873403261787476515E+00    0.867916134842859011E+00    0.891723523633881299E+00    0.738153849150870123E+00    0.126978045725274158E+01    0.927695839483608120E+00    0.771319195922938738E+00    0.906974897458800666E+00   -0.630522427680635587E+03
    0.938347789435529904E+02    0.709345391938988428E+02    0.966519972016326001E+00   -0.869496291933637977E+00    0.115815080531876291E+03    0.924405486406273180E+00    0.124951639665049852E+01    0.124562587462739871E+01    0.955621218384938076E+00    0.120267000157516835E+01    0.860548165354485861E+00    0.824233069916598171E+00    0.707950046387985865E+00    0.920553276772928308E+00    0.101013260508286384E+01    0.117979634399289957E+01    0.786625733687407180E+00    0.973685102482233278E+00    0.102276711117318397E+01   -0.632064130590719742E+03
    0.929813484986066925E+02    0.592143797684688593E+02    0.336418859396430348E+00   -0.548012377187081512E+00    0.767192201143566876E+02    0.893636645091032800E+00    0.914093716333438944E+00    0.127438367523533769E+01    0.993038261606220996E+00    0.109730743027360012E+01    0.823229344493663917E+00    0.841037619245310841E+00    0.813177977811048280E+00    0.114250776702422030E+01    0.756552954472732186E+00    0.864451647142807755E+00    0.749236042188891171E+00    0.947055791417426462E+00    0.112026642028225165E+01   -0.633474415964072591E+03
    0.967946584523947706E+02    0.622745736771170186E+02    0.668758284924803270E+00   -0.752096128549329279E+00    0.937693077655993363E+02    0.122897406528369579E+01    0.108125728671165655E+01    0.125890392053157352E+01    0.722004426586219772E+00    0.129335038868225993E+01    0.909172368679013077E+00    0.895226196485705228E+00    0.943577694648824794E+00    0.879310748201588610E+00    0.797434640709924425E+00    0.127366072452268053E+01    0.756945978307275502E+00    0.973927968548602196E+00    0.112766469381189771E+01   -0.633360133430799578E+03
    0.100922016107214972E+03    0.715082243081480726E+02    0.672110730454504091E+00   -0.704339217868414025E+00    0.837015992097888528E+02    0.109497041434677178E+01    0.108695734472085759E+01    0.122368219401018452E+01    0.921748266188256338E+00    0.119725851816400564E+01    0.843158049217662464E+00    0.705641243766851001E+00    0.818783657085917049E+00    0.114416343643007457E+01    0.769946543494875457E+00    0.126588593138865724E+01    0.868465906060312487E+00    0.116558946034560096E+01    0.122194985937110578E+01   -0.632739055287268229E+03
    0.952194763940762101E+02    0.656725989464646034E+02    0.102013476053319674E+01   -0.868035519050341264E+00    0.102874585185060624E+03    0.827338044686677709E+00    0.116873422783258740E+01    0.126717006890374129E+01    0.100025711520778327E+01    0.102312379640001239E+01    0.817072055923234064E+00    0.741316112813638850E+00    0.796167261171459084E+00    0.123256511075016295E+01    0.781087123880701562E+00    0.107236167361980717E+01    0.757402216121786820E+00    0.827484974343091872E+00    0.127984880268103840E+01   -0.633020465806670813E+03
    0.104732123409293180E+03    0.658598663040909855E+02    0.107759282126916744E+01   -0.854149584830441455E+00    0.100801031239921414E+03    0.819789624092963631E+00    0.110501740837147522E+01    0.112619320667734146E+01    0.818901458078035049E+00    0.126494048598171549E+01    0.740138683804226094E+00    0.711446034012747197E+00    0.716415560183597977E+00    0.108647773572075357E+01    0.102069758302131230E+01    0.118419802121032713E+01    0.959348442599972318E+00    0.102066311936680565E+01    0.117780806604855615E+01   -0.631772129489486133E+03
    0.921698518566526985E+02    0.659456200358027615E+02    0.459967327265820625E+00   -0.615084046918196847E+00    0.788571954336423175E+02    0.100579277162292735E+01    0.112339363872871756E+01    0.123119380785796251E+01    0.867147056490296109E+00    0.126795203759811281E+01    0.914714035627218758E+00    0.966633801533227865E+00    0.813325464196086534E+00    0.706862156144524301E+00    0.100721133953863529E+01    0.739582866302295416E+00    0.919633056241004110E+00    0.962472186189551326E+00    0.129368176755160125E+01   -0.634245634769330763E+03
    0.885728047525812485E+02    0.671907990367417369E+02    0.960469455108432180E+00   -0.821119251996760724E+00    0.100129048638449603E+03    0.766084384863777723E+00    0.116265994722804522E+01    0.113534989394013852E+01    0.948662860868673796E+00    0.111561626729964281E+01    0.843343365485275331E+00    0.881046700906894187E+00    0.739894717368756005E+00    0.117899647707795086E+01    0.951169884915662900E+00    0.967486326609812819E+00    0.738264041030541551E+00    0.120724199294520429E+01    0.115830017736649427E+01   -0.631956368787375254E+03
    0.938870704818133959E+02    0.664936678681063711E+02    0.609191866908586843E+00   -0.683597398715772187E+00    0.850531152039730216E+02    0.118378336724704014E+01    0.117130063344542412E+01    0.121381380105213954E+01    0.850998479109192796E+00    0.120145745591074182E+01    0.770806633225187499E+00    0.795548457230230821E+00    0.737144616432073185E+00    0.973181690853384795E+00    0.813206534820441806E+00    0.105971720077650144E+01    0.972328475856154451E+00    0.115092099668703152E+01    0.890277835668469741E+00   -0.630769084167191181E+03
    0.938870704818133959E+02    0.664936678681063711E+02    0.609191866908586843E+00   -0.683597398715772187E+00    0.850531152039730216E+02    0.118378336724704014E+01    0.117130063344542412E+01    0.121381380105213954E+01    0.850998479109192796E+00    0.120145745591074182E+01    0.770806633225187499E+00    0.795548457230230821E+00    0.737144616432073185E+00    0.973181690853384795E+00    0.813206534820441806E+00    0.105971720077650144E+01    0.972328475856154451E+00    0.115092099668703152E+01    0.890277835668469741E+00   -0.630769084167191181E+03
    0.100499283451384386E+03    0.630098593268829177E+02    0.515227528260062240E+00   -0.673959772611890884E+00    0.846180617266231536E+02    0.978157316189362080E+00    0.109353913228917854E+01    0.126437876789881720E+01    0.788730406217311830E+00    0.118242245029399262E+01    0.844918299279343588E+00    0.106637238306076476E+01    0.702584713622750101E+00    0.115187199353371161E+01    0.106437473405456862E+01    0.940445971442903539E+00    0.857021915662559586E+00    0.109880188461583139E+01    0.117544700625621723E+01   -0.632271341469498111E+03
    0.953564600030281042E+02    0.616873848792092758E+02    0.865139051029383155E+00   -0.809891239476890235E+00    0.943134021177050528E+02    0.870736878438146178E+00    0.944179885169503019E+00    0.120915221547175511E+01    0.927917707019314975E+00    0.125567948671244434E+01    0.758174841373814301E+00    0.869517920758797525E+00    0.813865085882858885E+00    0.955411727219848794E+00    0.928179906679140743E+00    0.941274515950980772E+00    0.705223043050280607E+00    0.124244651299336395E+01    0.978650187439723318E+00   -0.630047555575835304E+03
    0.953564600030281042E+02    0.616873848792092758E+02    0.865139051029383155E+00   -0.809891239476890235E+00    0.943134021177050528E+02    0.870736878438146178E+00    0.944179885169503019E+00    0.120915221547175511E+01    0.927917707019314975E+00    0.125567948671244434E+01    0.758174841373814301E+00    0.869517920758797525E+00    0.813865085882858885E+00    0.955411727219848794E+00    0.928179906679140743E+00    0.941274515950980772E+00    0.705223043050280607E+00    0.124244651299336395E+01    0.978650187439723318E+00   -0.630047555575835304E+03
    0.953564600030281042E+02    0.616873848792092758E+02    0.865139051029383155E+00   -0.809891239476890235E+00    0.943134021177050528E+02    0.870736878438146178E+00    0.944179885169503019E+00    0.120915221547175511E+01    0.927917707019314975E+00    0.125567948671244434E+01    0.758174841373814301E+00    0.869517920758797525E+00    0.813865085882858885E+00    0.955411727219848794E+00    0.928179906679140743E+00    0.941274515950980772E+00    0.705223043050280607E+00    0.124244651299336395E+01    0.978650187439723318E+00   -0.630047555575835304E+03
    0.953564600030281042E+02    0.616873848792092758E+02    0.865139051029383155E+00   -0.809891239476890235E+00    0.943134021177050528E+02    0.870736878438146178E+00    0.944179885169503019E+00    0.120915221547175511E+01    0.927917707019314975E+00    0.125567948671244434E+01    0.758174841373814301E+00    0.869517920758797525E+00    0.813865085882858885E+00    0.955411727219848794E+00    0.928179906679140743E+00    0.941274515950980772E+00    0.705223043050280607E+00    0.124244651299336395E+01    0.978650187439723318E+00   -0.630047555575835304E+03
    0.953564600030281042E+02    0.616873848792092758E+02    0.865139051029383155E+00   -0.809891239476890235E+00    0.943134021177050528E+02    0.870736878438146178E+00    0.944179885169503019E+00    0.120915221547175511E+01    0.927917707019314975E+00    0.125567948671244434E+01    0.758174841373814301E+00    0.869517920758797525E+00    0.813865085882858885E+00    0.955411727219848794E+00    0.928179906679140743E+00    0.941274515950980772E+00    0.705223043050280607E+00    0.124244651299336395E+01    0.978650187439723318E+00   -0.630047555575835304E+03
    0.933678191618588613E+02    0.640899977027355874E+02    0.705955124036257264E+00   -0.773842752404625855E+00    0.950790300897144078E+02    0.755171246271377439E+00    0.101951403928824513E+01    0.124921123321202332E+01    0.109926775938389265E+01    0.116636844893697944E+01    0.832094215692066097E+00    0.964589751516075733E+00    0.929680910010901473E+00    0.112279845420458946E+01    0.103794906179096147E+01    0.113283535524056234E+01    0.985201183225082877E+00    0.109068827018224579E+01    0.108139496914127275E+01   -0.631715840945651166E+03
    0.108747728595419574E+03    0.638740939297169348E+02    0.466891998743635128E+00   -0.636600220376267956E+00    0.849855129959332913E+02    0.746188795534511673E+00    0.105567037423893062E+01    0.126010928785361287E+01    0.946592106775213327E+00    0.128425813326029759E+01    0.755990475850143340E+00    0.787730165256832482E+00    0.100014668284821262E+01    0.100859214863745272E+01    0.870332324680739844E+00    0.126376702137688612E+01    0.861971616793357653E+00    0.114602361201434033E+01    0.123571066340356817E+01   -0.629479788311509537E+03
    0.108747728595419574E+03    0.638740939297169348E+02    0.466891998743635128E+00   -0.636600220376267956E+00    0.849855129959332913E+02    0.746188795534511673E+00    0.105567037423893062E+01    0.126010928785361287E+01    0.946592106775213327E+00    0.128425813326029759E+01    0.755990475850143340E+00    0.787730165256832482E+00    0.100014668284821262E+01    0.100859214863745272E+01    0.870332324680739844E+00    0.126376702137688612E+01    0.861971616793357653E+00    0.114602361201434033E+01    0.123571066340356817E+01   -0.629479788311509537E+03
    0.108747728595419574E+03    0.638740939297169348E+02    0.466891998743635128E+00   -0.636600220376267956E+00    0.849855129959332913E+02    0.746188795534511673E+00    0.105567037423893062E+01    0.126010928785361287E+01    0.946592106775213327E+00    0.128425813326029759E+01    0.755990475850143340E+00    0.787730165256832482E+00    0.100014668284821262E+01    0.100859214863745272E+01    0.870332324680739844E+00    0.126376702137688612E+01    0.861971616793357653E+00    0.114602361201434033E+01    0.123571066340356817E+01   -0.629479788311509537E+03
    0.108747728595419574E+03    0.638740939297169348E+02    0.466891998743635128E+00   -0.636600220376267956E+00    0.849855129959332913E+02    0.746188795534511673E+00    0.105567037423893062E+01    0.126010928785361287E+01    0.946592106775213327E+00    0.128425813326029759E+01    0.755990475850143340E+00    0.787730165256832482E+00    0.100014668284821262E+01    0.100859214863745272E+01    0.870332324680739844E+00    0.126376702137688612E+01    0.861971616793357653E+00    0.114602361201434033E+01    0.123571066340356817E+01   -0.629479788311509537E+03
    0.108747728595419574E+03    0.638740939297169348E+02    0.466891998743635128E+00   -0.636600220376267956E+00    0.849855129959332913E+02    0.746188795534511673E+00    0.105567037423893062E+01    0.126010928785361287E+01    0.946592106775213327E+00    0.128425813326029759E+01    0.755990475850143340E+00    0.787730165256832482E+00    0.100014668284821262E+01    0.100859214863745272E+01    0.870332324680739844E+00    0.126376702137688612E+01    0.861971616793357653E+00    0.114602361201434033E+01    0.123571066340356817E+01   -0.629479788311509537E+03
    0.108747728595419574E+03    0.638740939297169348E+02    0.466891998743635128E+00   -0.636600220376267956E+00    0.849855129959332913E+02    0.746188795534511673E+00    0.105567037423893062E+01    0.126010928785361287E+01    0.946592106775213327E+00    0.128425813326029759E+01    0.755990475850143340E+00    0.787730165256832482E+00    0.100014668284821262E+01    0.100859214863745272E+01    0.870332324680739844E+00    0.126376702137688612E+01    0.861971616793357653E+00    0.114602361201434033E+01    0.123571066340356817E+01   -0.629479788311509537E+03
    0.108747728595419574E+03    0.638740939297169348E+02    0.466891998743635128E+00   -0.636600220376267956E+00    0.849855129959332913E+02    0.746188795534511673E+00    0.105567037423893062E+01    0.126010928785361287E+01    0.946592106775213327E+00    0.128425813326029759E+01    0.755990475850143340E+00    0.787730165256832482E+00    0.100014668284821262E+01    0.100859214863745272E+01    0.870332324680739844E+00    0.126376702137688612E+01    0.861971616793357653E+00    0.114602361201434033E+01    0.123571066340356817E+01   -0.629479788311509537E+03
    0.108747728595419574E+03    0.638740939297169348E+02    0.466891998743635128E+00   -0.636600220376267956E+00    0.849855129959332913E+02    0.746188795534511673E+00    0.105567037423893062E+01    0.126010928785361287E+01    0.946592106775213327E+00    0.128425813326029759E+01    0.755990475850143340E+00    0.787730165256832482E+00    0.100014668284821262E+01    0.100859214863745272E+01    0.870332324680739844E+00    0.126376702137688612E+01    0.861971616793357653E+00    0.114602361201434033E+01    0.123571066340356817E+01   -0.629479788311509537E+03
    0.102950886409228389E+03    0.668474929749430373E+02    0.908718833295918516E+00   -0.803445486355393257E+00    0.949727601610857874E+02    0.983188446084704015E+00    0.940132485685492458E+00    0.111992664052602864E+01    0.874327343433831672E+00    0.118921681020444892E+01    0.707754070667305113E+00    0.882625279682783814E+00    0.732497936512504166E+00    0.780353870021872731E+00    0.855938687011625565E+00    0.119640628746590894E+01    0.943164089282144125E+00    0.812554941566234756E+00    0.764920495279024615E+00   -0.631231085585036340E+03
    0.919577585882123714E+02    0.660242211021058552E+02    0.638946113938390181E+00   -0.746536202089435719E+00    0.976369487425216818E+02    0.108154061124569001E+01    0.113328469462698767E+01    0.126030470439490250E+01    0.763104865579205316E+00    0.111255683710220032E+01    0.869474830427358181E+00    0.821198860674771880E+00    0.853058032454459880E+00    0.709441719966294571E+00    0.754028972900040007E+00    0.118790966778440765E+01    0.752309084620339852E+00    0.107573123388449110E+01    0.969004915900032460E+00   -0.631494784945290235E+03
    0.981765909266289896E+02    0.687851352043550435E+02    0.982807057824673036E+00   -0.839338130070213850E+00    0.107434447204791027E+03    0.894215693224470032E+00    0.100929219380243662E+01    0.114502723727828393E+01    0.852307448336913520E+00    0.122182528262967649E+01    0.727152849305351734E+00    0.851246010841407719E+00    0.788295756205294795E+00    0.947860581306230299E+00    0.920530697763926264E+00    0.123559451502241480E+01    0.847656115886925465E+00    0.102082449850586654E+01    0.714360393176071917E+00   -0.629294093056908309E+03
    0.981765909266289896E+02    0.687851352043550435E+02    0.982807057824673036E+00   -0.839338130070213850E+00    0.107434447204791027E+03    0.894215693224470032E+00    0.100929219380243662E+01    0.114502723727828393E+01    0.852307448336913520E+00    0.122182528262967649E+01    0.727152849305351734E+00    0.851246010841407719E+00    0.788295756205294795E+00    0.947860581306230299E+00    0.920530697763926264E+00    0.123559451502241480E+01    0.847656115886925465E+00    0.102082449850586654E+01    0.714360393176071917E+00   -0.629294093056908309E+03
    0.981765909266289896E+02    0.687851352043550435E+02    0.982807057824673036E+00   -0.839338130070213850E+00    0.107434447204791027E+03    0.894215693224470032E+00    0.100929219380243662E+01    0.114502723727828393E+01    0.852307448336913520E+00    0.122182528262967649E+01    0.727152849305351734E+00    0.851246010841407719E+00    0.788295756205294795E+00    0.947860581306230299E+00    0.920530697763926264E+00    0.123559451502241480E+01    0.847656115886925465E+00    0.102082449850586654E+01    0.714360393176071917E+00   -0.629294093056908309E+03
    0.981765909266289896E+02    0.687851352043550435E+02    0.982807057824673036E+00   -0.839338130070213850E+00    0.107434447204791027E+03    0.894215693224470032E+00    0.100929219380243662E+01    0.114502723727828393E+01    0.852307448336913520E+00    0.122182528262967649E+01    0.727152849305351734E+00    0.851246010841407719E+00    0.788295756205294795E+00    0.947860581306230299E+00    0.920530697763926264E+00    0.123559451502241480E+01    0.847656115886925465E+00    0.102082449850586654E+01    0.714360393176071917E+00   -0.629294093056908309E+03
    0.981765909266289896E+02    0.687851352043550435E+02    0.982807057824673036E+00   -0.839338130070213850E+00    0.107434447204791027E+03    0.894215693224470032E+00    0.100929219380243662E+01    0.114502723727828393E+01    0.852307448336913520E+00    0.122182528262967649E+01    0.727152849305351734E+00    0.851246010841407719E+00    0.788295756205294795E+00    0.947860581306230299E+00    0.920530697763926264E+00    0.123559451502241480E+01    0.847656115886925465E+00    0.102082449850586654E+01    0.714360393176071917E+00   -0.629294093056908309E+03
    0.981765909266289896E+02    0.687851352043550435E+02    0.982807057824673036E+00   -0.839338130070213850E+00    0.107434447204791027E+03    0.894215693224470032E+00    0.100929219380243662E+01    0.114502723727828393E+01    0.852307448336913520E+00    0.122182528262967649E+01    0.727152849305351734E+00    0.851246010841407719E+00    0.788295756205294795E+00    0.947860581306230299E+00    0.920530697763926264E+00    0.123559451502241480E+01    0.847656115886925465E+00    0.102082449850586654E+01    0.714360393176071917E+00   -0.629294093056908309E+03
    0.981765909266289896E+02    0.687851352043550435E+02    0.982807057824673036E+00   -0.839338130070213850E+00    0.107434447204791027E+03    0.894215693224470032E+00    0.100929219380243662E+01    0.114502723727828393E+01    0.852307448336913520E+00    0.122182528262967649E+01    0.727152849305351734E+00    0.851246010841407719E+00    0.788295756205294795E+00    0.947860581306230299E+00    0.920530697763926264E+00    0.123559451502241480E+01    0.847656115886925465E+00    0.102082449850586654E+01    0.714360393176071917E+00   -0.629294093056908309E+03
    0.981765909266289896E+02    0.687851352043550435E+02    0.982807057824673036E+00   -0.839338130070213850E+00    0.107434447204791027E+03    0.894215693224470032E+00    0.100929219380243662E+01    0.114502723727828393E+01    0.852307448336913520E+00    0.122182528262967649E+01    0.727152849305351734E+00    0.851246010841407719E+00    0.788295756205294795E+00    0.947860581306230299E+00    0.920530697763926264E+00    0.123559451502241480E+01    0.847656115886925465E+00    0.102082449850586654E+01    0.714360393176071917E+00   -0.629294093056908309E+03
    0.981765909266289896E+02    0.687851352043550435E+02    0.982807057824673036E+00   -0.839338130070213850E+00    0.107434447204791027E+03    0.894215693224470032E+00    0.100929219380243662E+01    0.114502723727828393E+01    0.852307448336913520E+00    0.122182528262967649E+01    0.727152849305351734E+00    0.851246010841407719E+00    0.788295756205294795E+00    0.947860581306230299E+00    0.920530697763926264E+00    0.123559451502241480E+01    0.847656115886925465E+00    0.102082449850586654E+01    0.714360393176071917E+00   -0.629294093056908309E+03
    0.981765909266289896E+02    0.687851352043550435E+02    0.982807057824673036E+00   -0.839338130070213850E+00    0.107434447204791027E+03    0.894215693224470032E+00    0.100929219380243662E+01    0.114502723727828393E+01    0.852307448336913520E+00    0.122182528262967649E+01    0.727152849305351734E+00    0.851246010841407719E+00    0.788295756205294795E+00    0.947860581306230299E+00    0.920530697763926264E+00    0.123559451502241480E+01    0.847656115886925465E+00    0.102082449850586654E+01    0.714360393176071917E+00   -0.629294093056908309E+03
    0.981403389219073148E+02    0.656356778205051228E+02    0.617650790870414745E+00   -0.675037521302046528E+00    0.854480742471174466E+02    0.808890043973852335E+00    0.942764761478318225E+00    0.109086864218801360E+01    0.827265423556077795E+00    0.114742766618979797E+01    0.724518093089311366E+00    0.726021700975226447E+00    0.100179672750623761E+01    0.954671788918083131E+00    0.941346295361855989E+00    0.119396452315071411E+01    0.115940998535220374E+01    0.104327800931899795E+01    0.723479220749083884E+00   -0.633164255255013472E+03
    0.993365383775705766E+02    0.612833686702219325E+02    0.520571411036886089E+00   -0.663373094402617269E+00    0.889084674408852322E+02    0.813284674356671511E+00    0.100643765587410416E+01    0.116807380480364698E+01    0.802601198564823259E+00    0.101610977280327086E+01    0.775280686423378107E+00    0.110043669486697837E+01    0.993944128505022562E+00    0.823665415795947764E+00    0.711992000025555960E+00    0.104951221311947229E+01    0.707993289731683073E+00    0.118534832319887973E+01    0.915198094989654320E+00   -0.634173095874044066E+03
    0.884843728185319520E+02    0.688393615942077872E+02    0.886194363932457430E+00   -0.792920656679655167E+00    0.981416211028679157E+02    0.865326867060656313E+00    0.129076455437796156E+01    0.114506909769315324E+01    0.780626203665157115E+00    0.110670508225740138E+01    0.792531263529013374E+00    0.740406045494432230E+00    0.848209406448307113E+00    0.898475844898201537E+00    0.940269444782788844E+00    0.896791088080054588E+00    0.812182999470733247E+00    0.127416705531153829E+01    0.811162333595858431E+00   -0.632098327342806897E+03
    0.102383362985566919E+03    0.628658000142136473E+02    0.100475899525503465E+01   -0.874111581715643737E+00    0.114187766447371331E+03    0.782303356480181455E+00    0.103829448089484511E+01    0.127365546038940858E+01    0.857688946658753504E+00    0.128692272643442007E+01    0.740081886175603110E+00    0.810356138434291218E+00    0.942800263828145191E+00    0.871159645653596937E+00    0.979534074318263670E+00    0.122397970790089716E+01    0.763773094984315781E+00    0.820827595734026638E+00    0.819787067969176109E+00   -0.631210084947374298E+03
    0.953201249938466191E+02    0.654270055760337357E+02    0.115801375466074252E+01   -0.917953007183470504E+00    0.111531105572054372E+03    0.777957304887979872E+00    0.103463167898644270E+01    0.121999089703961427E+01    0.993149054775003814E+00    0.127862243201132642E+01    0.830499507398133607E+00    0.823405808366356684E+00    0.910631464017750636E+00    0.926540971465970475E+00    0.919816013015793299E+00    0.128980011516514836E+01    0.988163736610977006E+00    0.974796359380614819E+00    0.917224682367974276E+00   -0.631275487642334724E+03
    0.953201249938466191E+02    0.654270055760337357E+02    0.115801375466074252E+01   -0.917953007183470504E+00    0.111531105572054372E+03    0.777957304887979872E+00    0.103463167898644270E+01    0.121999089703961427E+01    0.993149054775003814E+00    0.127862243201132642E+01    0.830499507398133607E+00    0.823405808366356684E+00    0.910631464017750636E+00    0.926540971465970475E+00    0.919816013015793299E+00    0.128980011516514836E+01    0.988163736610977006E+00    0.974796359380614819E+00    0.917224682367974276E+00   -0.631275487642334724E+03
    0.103389927667390396E+03    0.612277286142841035E+02    0.517222775162545445E+00   -0.692671578453165182E+00    0.911722336171202699E+02    0.836900224878061816E+00    0.906567176265861363E+00    0.121088832435443017E+01    0.114022973095220004E+01    0.125374956187005715E+01    0.759639916362157552E+00    0.946392554758631821E+00    0.898291460616580606E+00    0.964571065014382056E+00    0.903506799214619960E+00    0.128521122118009501E+01    0.787983032600372502E+00    0.909394786891316587E+00    0.750274434616576502E+00   -0.632621882292686109E+03
    0.900416033108244420E+02    0.656364840426081741E+02    0.647730162959080813E+00   -0.693320710733303258E+00    0.790162314528083130E+02    0.101830985548281938E+01    0.109404082832239036E+01    0.124474860735651038E+01    0.902629258709442106E+00    0.123665997956793716E+01    0.827786212621529183E+00    0.100085679061834298E+01    0.807480000939631237E+00    0.756066153227511362E+00    0.839686267062531022E+00    0.124666916649750914E+01    0.742324689178644137E+00    0.885105648218402763E+00    0.903224442058922050E+00   -0.632222063658965340E+03
    0.951274688995063116E+02    0.659081401973386392E+02    0.644205340427595585E+00   -0.700342078334653451E+00    0.829680892732926480E+02    0.868650459357740101E+00    0.103841271944361058E+01    0.125031153345935775E+01    0.112868172045601534E+01    0.128296051665329225E+01    0.798890257877310273E+00    0.745511374810346572E+00    0.878614515333062118E+00    0.735959487406566026E+00    0.871783754157167912E+00    0.950676591096192736E+00    0.857077960437320097E+00    0.911595018206457164E+00    0.939249463386868877E+00   -0.631324200982067850E+03
    0.960239414437008065E+02    0.594765069669290085E+02    0.631459541854045181E+00   -0.779612347800499705E+00    0.107941098289105625E+03    0.812385550445539173E+00    0.971184105247236307E+00    0.127271030248437578E+01    0.100292418800404404E+01    0.115985182195602565E+01    0.861611164388065176E+00    0.731417446685527328E+00    0.972780955664331759E+00    0.728651859682184377E+00    0.117369582540504647E+01    0.100370022031148798E+01    0.977725214239377083E+00    0.103205299393926442E+01    0.928143623476054724E+00   -0.633620922848905366E+03
    0.929544658012808185E+02    0.662979514087518282E+02    0.665184602548775095E+00   -0.693677923998057722E+00    0.847261612970265219E+02    0.109213222748704797E+01    0.106524570715033784E+01    0.114638152433921059E+01    0.853059189796566475E+00    0.129259041337847536E+01    0.787217585121840702E+00    0.813441372924249118E+00    0.101787609535767132E+01    0.838839043996207900E+00    0.113555503241784983E+01    0.998796759130334166E+00    0.896938418154501038E+00    0.108194073538344093E+01    0.758576810732277451E+00   -0.631908954931696940E+03
    0.985510448534577534E+02    0.621811050233299909E+02    0.658555021812607499E+00   -0.696244627344922762E+00    0.812674642674615768E+02    0.901986205563583110E+00    0.992302779568723148E+00    0.108502358509705155E+01    0.934704437324299531E+00    0.121712964000246560E+01    0.715090141055232831E+00    0.934983917317213198E+00    0.751758682849787085E+00    0.918969931562996445E+00    0.115943740662029882E+01    0.111101302567834059E+01    0.763040052439668992E+00    0.112705887017375783E+01    0.125446859993726134E+01   -0.631374357325506480E+03
    0.999012923143736771E+02    0.641466775622518526E+02    0.128606167101749613E+01   -0.950542355334739852E+00    0.120606193449332594E+03    0.865383165184494541E+00    0.108959886107504333E+01    0.118634074516857302E+01    0.768524804827290131E+00    0.127150418885911054E+01    0.734357709933453617E+00    0.823064643279016517E+00    0.112265211877377480E+01    0.898833395392840906E+00    0.935690932744121406E+00    0.128425773607159188E+01    0.859933272271164895E+00    0.911853962971404641E+00    0.104653112461522380E+01   -0.632507949094793844E+03
    0.101707850259353918E+03    0.637953003294905727E+02    0.588779883688623995E+00   -0.709671890981379505E+00    0.900850066867094768E+02    0.897573344072882917E+00    0.114800715223618255E+01    0.127592055259555770E+01    0.849642352589402128E+00    0.116526377965387740E+01    0.840150146792604025E+00    0.106501728364046588E+01    0.756845952674406908E+00    0.887685007358095080E+00    0.121946580171506813E+01    0.107896648427890662E+01    0.757056663495550786E+00    0.979976107839846344E+00    0.109449854655544776E+01   -0.631684516938980778E+03
    0.952243000902851122E+02    0.636485089209660373E+02    0.516443556782390956E+00   -0.642757572958890577E+00    0.784045377110222859E+02    0.737670744807163992E+00    0.952065669031983086E+00    0.119650509781061531E+01    0.101585678892874420E+01    0.123989768257070132E+01    0.794612250073750692E+00    0.113031855545696613E+01    0.714453711611628961E+00    0.988345031045536060E+00    0.105219835328875266E+01    0.915097997688459230E+00    0.779866071907189928E+00    0.105769149594502831E+01    0.842889290683299874E+00   -0.631676678502885238E+03
    0.100389165644475668E+03    0.655889737307625751E+02    0.987628188709490651E+00   -0.846392899425046252E+00    0.943896254785198607E+02    0.889428313311179664E+00    0.125020281922767129E+01    0.129652412356421887E+01    0.101707529711032563E+01    0.125160943463942664E+01    0.783575010099366920E+00    0.871497755001918062E+00    0.786236885694504228E+00    0.867233520084144116E+00    0.939657888790337070E+00    0.125177514056978612E+01    0.793440919399993727E+00    0.117718312622694077E+01    0.816947064398052647E+00   -0.630506128236867198E+03
    0.100389165644475668E+03    0.655889737307625751E+02    0.987628188709490651E+00   -0.846392899425046252E+00    0.943896254785198607E+02    0.889428313311179664E+00    0.125020281922767129E+01    0.129652412356421887E+01    0.101707529711032563E+01    0.125160943463942664E+01    0.783575010099366920E+00    0.871497755001918062E+00    0.786236885694504228E+00    0.867233520084144116E+00    0.939657888790337070E+00    0.125177514056978612E+01    0.793440919399993727E+00    0.117718312622694077E+01    0.816947064398052647E+00   -0.630506128236867198E+03
    0.100389165644475668E+03    0.655889737307625751E+02    0.987628188709490651E+00   -0.846392899425046252E+00    0.943896254785198607E+02    0.889428313311179664E+00    0.125020281922767129E+01    0.129652412356421887E+01    0.101707529711032563E+01    0.125160943463942664E+01    0.783575010099366920E+00    0.871497755001918062E+00    0.786236885694504228E+00    0.867233520084144116E+00    0.939657888790337070E+00    0.125177514056978612E+01    0.793440919399993727E+00    0.117718312622694077E+01    0.816947064398052647E+00   -0.630506128236867198E+03
    0.975348490442561626E+02    0.710940796733323737E+02    0.114765641835125942E+01   -0.894027684697807246E+00    0.110035380468689368E+03    0.108357794958022802E+01    0.112405145050406907E+01    0.122587761349704838E+01    0.816993232158567895E+00    0.129233408933829153E+01    0.745552451795160831E+00    0.816714250789588037E+00    0.893093833549134408E+00    0.109365256510364084E+01    0.106256143080810594E+01    0.109377705753422716E+01    0.721695901768966919E+00    0.128591010130912053E+01    0.863641245469651930E+00   -0.633132094312333379E+03
    0.816336110585538961E+02    0.677577898197122579E+02    0.107308122641845594E+01   -0.868105338785918335E+00    0.102381692047243149E+03    0.706536392897039178E+00    0.116030513300499782E+01    0.125933351430273066E+01    0.907113239419158668E+00    0.116750832235395086E+01    0.116867147635268109E+01    0.836345525943588464E+00    0.902565124596785284E+00    0.896515604215045725E+00    0.999019080418029115E+00    0.827001486265563468E+00    0.767279312231567201E+00    0.121246333140949947E+01    0.861907335972772581E+00   -0.633898745353874801E+03
    0.980229625346661919E+02    0.672686592865231887E+02    0.781414608742506678E+00   -0.809635470257957124E+00    0.111701150612286725E+03    0.842542228976048246E+00    0.109141159581600045E+01    0.118300262001540357E+01    0.821123694211494781E+00    0.114471037719287194E+01    0.823753347617176890E+00    0.836231389281844928E+00    0.741267599015072109E+00    0.108312190693429944E+01    0.952949379132611130E+00    0.108265254352296036E+01    0.731057671544074750E+00    0.113566948488836150E+01    0.998625822016446896E+00   -0.632657689490675239E+03
